quadkey	wkt
24130755	POLYGON ((99.228515625 6.416015625, 99.228515625 6.50390625, 99.31640625 6.50390625, 99.31640625 6.416015625, 99.228515625 6.416015625))
24130758	POLYGON ((99.31640625 6.416015625, 99.31640625 6.50390625, 99.404296875 6.50390625, 99.404296875 6.416015625, 99.31640625 6.416015625))
24130764	POLYGON ((99.31640625 6.50390625, 99.31640625 6.591796875, 99.404296875 6.591796875, 99.404296875 6.50390625, 99.31640625 6.50390625))
24130765	POLYGON ((99.404296875 6.50390625, 99.404296875 6.591796875, 99.4921875 6.591796875, 99.4921875 6.50390625, 99.404296875 6.50390625))
24130956	POLYGON ((100.01953125 6.50390625, 100.01953125 6.591796875, 100.107421875 6.591796875, 100.107421875 6.50390625, 100.01953125 6.50390625))
24130767	POLYGON ((99.404296875 6.591796875, 99.404296875 6.6796875, 99.4921875 6.6796875, 99.4921875 6.591796875, 99.404296875 6.591796875))
24130778	POLYGON ((99.4921875 6.591796875, 99.4921875 6.6796875, 99.580078125 6.6796875, 99.580078125 6.591796875, 99.4921875 6.591796875))
24130800	POLYGON ((99.4921875 6.6796875, 99.4921875 6.767578125, 99.580078125 6.767578125, 99.580078125 6.6796875, 99.4921875 6.6796875))
24130801	POLYGON ((99.580078125 6.6796875, 99.580078125 6.767578125, 99.66796875 6.767578125, 99.66796875 6.6796875, 99.580078125 6.6796875))
24130803	POLYGON ((99.580078125 6.767578125, 99.580078125 6.85546875, 99.66796875 6.85546875, 99.66796875 6.767578125, 99.580078125 6.767578125))
24130806	POLYGON ((99.66796875 6.767578125, 99.66796875 6.85546875, 99.755859375 6.85546875, 99.755859375 6.767578125, 99.66796875 6.767578125))
24130812	POLYGON ((99.66796875 6.85546875, 99.66796875 6.943359375, 99.755859375 6.943359375, 99.755859375 6.85546875, 99.66796875 6.85546875))
24131153	POLYGON ((99.580078125 7.03125, 99.580078125 7.119140625, 99.66796875 7.119140625, 99.66796875 7.03125, 99.580078125 7.03125))
24131155	POLYGON ((99.580078125 7.119140625, 99.580078125 7.20703125, 99.66796875 7.20703125, 99.66796875 7.119140625, 99.580078125 7.119140625))
24131394	POLYGON ((100.546875 7.119140625, 100.546875 7.20703125, 100.634765625 7.20703125, 100.634765625 7.119140625, 100.546875 7.119140625))
24131148	POLYGON ((99.31640625 7.20703125, 99.31640625 7.294921875, 99.404296875 7.294921875, 99.404296875 7.20703125, 99.31640625 7.20703125))
24131400	POLYGON ((100.546875 7.20703125, 100.546875 7.294921875, 100.634765625 7.294921875, 100.634765625 7.20703125, 100.546875 7.20703125))
24131147	POLYGON ((99.228515625 7.294921875, 99.228515625 7.3828125, 99.31640625 7.3828125, 99.31640625 7.294921875, 99.228515625 7.294921875))
24131150	POLYGON ((99.31640625 7.294921875, 99.31640625 7.3828125, 99.404296875 7.3828125, 99.404296875 7.294921875, 99.31640625 7.294921875))
24131402	POLYGON ((100.546875 7.294921875, 100.546875 7.3828125, 100.634765625 7.3828125, 100.634765625 7.294921875, 100.546875 7.294921875))
24131168	POLYGON ((99.140625 7.3828125, 99.140625 7.470703125, 99.228515625 7.470703125, 99.228515625 7.3828125, 99.140625 7.3828125))
24131169	POLYGON ((99.228515625 7.3828125, 99.228515625 7.470703125, 99.31640625 7.470703125, 99.31640625 7.3828125, 99.228515625 7.3828125))
24131172	POLYGON ((99.31640625 7.3828125, 99.31640625 7.470703125, 99.404296875 7.470703125, 99.404296875 7.3828125, 99.31640625 7.3828125))
24131184	POLYGON ((99.4921875 7.3828125, 99.4921875 7.470703125, 99.580078125 7.470703125, 99.580078125 7.3828125, 99.4921875 7.3828125))
24131424	POLYGON ((100.546875 7.3828125, 100.546875 7.470703125, 100.634765625 7.470703125, 100.634765625 7.3828125, 100.546875 7.3828125))
24131171	POLYGON ((99.228515625 7.470703125, 99.228515625 7.55859375, 99.31640625 7.55859375, 99.31640625 7.470703125, 99.228515625 7.470703125))
24131426	POLYGON ((100.546875 7.470703125, 100.546875 7.55859375, 100.634765625 7.55859375, 100.634765625 7.470703125, 100.546875 7.470703125))
24130429	POLYGON ((98.349609375 7.55859375, 98.349609375 7.646484375, 98.4375 7.646484375, 98.4375 7.55859375, 98.349609375 7.55859375))
24131113	POLYGON ((98.525390625 7.55859375, 98.525390625 7.646484375, 98.61328125 7.646484375, 98.61328125 7.55859375, 98.525390625 7.55859375))
24131116	POLYGON ((98.61328125 7.55859375, 98.61328125 7.646484375, 98.701171875 7.646484375, 98.701171875 7.55859375, 98.61328125 7.55859375))
24131117	POLYGON ((98.701171875 7.55859375, 98.701171875 7.646484375, 98.7890625 7.646484375, 98.7890625 7.55859375, 98.701171875 7.55859375))
24131128	POLYGON ((98.7890625 7.55859375, 98.7890625 7.646484375, 98.876953125 7.646484375, 98.876953125 7.55859375, 98.7890625 7.55859375))
24131129	POLYGON ((98.876953125 7.55859375, 98.876953125 7.646484375, 98.96484375 7.646484375, 98.96484375 7.55859375, 98.876953125 7.55859375))
24131132	POLYGON ((98.96484375 7.55859375, 98.96484375 7.646484375, 99.052734375 7.646484375, 99.052734375 7.55859375, 98.96484375 7.55859375))
24131432	POLYGON ((100.546875 7.55859375, 100.546875 7.646484375, 100.634765625 7.646484375, 100.634765625 7.55859375, 100.546875 7.55859375))
24130430	POLYGON ((98.26171875 7.646484375, 98.26171875 7.734375, 98.349609375 7.734375, 98.349609375 7.646484375, 98.26171875 7.646484375))
24130431	POLYGON ((98.349609375 7.646484375, 98.349609375 7.734375, 98.4375 7.734375, 98.4375 7.646484375, 98.349609375 7.646484375))
24131115	POLYGON ((98.525390625 7.646484375, 98.525390625 7.734375, 98.61328125 7.734375, 98.61328125 7.646484375, 98.525390625 7.646484375))
24131118	POLYGON ((98.61328125 7.646484375, 98.61328125 7.734375, 98.701171875 7.734375, 98.701171875 7.646484375, 98.61328125 7.646484375))
24131119	POLYGON ((98.701171875 7.646484375, 98.701171875 7.734375, 98.7890625 7.734375, 98.7890625 7.646484375, 98.701171875 7.646484375))
24131130	POLYGON ((98.7890625 7.646484375, 98.7890625 7.734375, 98.876953125 7.734375, 98.876953125 7.646484375, 98.7890625 7.646484375))
24131131	POLYGON ((98.876953125 7.646484375, 98.876953125 7.734375, 98.96484375 7.734375, 98.96484375 7.646484375, 98.876953125 7.646484375))
24131134	POLYGON ((98.96484375 7.646484375, 98.96484375 7.734375, 99.052734375 7.734375, 99.052734375 7.646484375, 98.96484375 7.646484375))
24131135	POLYGON ((99.052734375 7.646484375, 99.052734375 7.734375, 99.140625 7.734375, 99.140625 7.646484375, 99.052734375 7.646484375))
24131434	POLYGON ((100.546875 7.646484375, 100.546875 7.734375, 100.634765625 7.734375, 100.634765625 7.646484375, 100.546875 7.646484375))
24130516	POLYGON ((98.26171875 7.734375, 98.26171875 7.822265625, 98.349609375 7.822265625, 98.349609375 7.734375, 98.26171875 7.734375))
24130517	POLYGON ((98.349609375 7.734375, 98.349609375 7.822265625, 98.4375 7.822265625, 98.4375 7.734375, 98.349609375 7.734375))
24131200	POLYGON ((98.4375 7.734375, 98.4375 7.822265625, 98.525390625 7.822265625, 98.525390625 7.734375, 98.4375 7.734375))
24131201	POLYGON ((98.525390625 7.734375, 98.525390625 7.822265625, 98.61328125 7.822265625, 98.61328125 7.734375, 98.525390625 7.734375))
24131204	POLYGON ((98.61328125 7.734375, 98.61328125 7.822265625, 98.701171875 7.822265625, 98.701171875 7.734375, 98.61328125 7.734375))
24131205	POLYGON ((98.701171875 7.734375, 98.701171875 7.822265625, 98.7890625 7.822265625, 98.7890625 7.734375, 98.701171875 7.734375))
24131216	POLYGON ((98.7890625 7.734375, 98.7890625 7.822265625, 98.876953125 7.822265625, 98.876953125 7.734375, 98.7890625 7.734375))
24131217	POLYGON ((98.876953125 7.734375, 98.876953125 7.822265625, 98.96484375 7.822265625, 98.96484375 7.734375, 98.876953125 7.734375))
24131220	POLYGON ((98.96484375 7.734375, 98.96484375 7.822265625, 99.052734375 7.822265625, 99.052734375 7.734375, 98.96484375 7.734375))
24131520	POLYGON ((100.546875 7.734375, 100.546875 7.822265625, 100.634765625 7.822265625, 100.634765625 7.734375, 100.546875 7.734375))
24130519	POLYGON ((98.349609375 7.822265625, 98.349609375 7.91015625, 98.4375 7.91015625, 98.4375 7.822265625, 98.349609375 7.822265625))
24131202	POLYGON ((98.4375 7.822265625, 98.4375 7.91015625, 98.525390625 7.91015625, 98.525390625 7.822265625, 98.4375 7.822265625))
24131203	POLYGON ((98.525390625 7.822265625, 98.525390625 7.91015625, 98.61328125 7.91015625, 98.61328125 7.822265625, 98.525390625 7.822265625))
24131206	POLYGON ((98.61328125 7.822265625, 98.61328125 7.91015625, 98.701171875 7.91015625, 98.701171875 7.822265625, 98.61328125 7.822265625))
24131207	POLYGON ((98.701171875 7.822265625, 98.701171875 7.91015625, 98.7890625 7.91015625, 98.7890625 7.822265625, 98.701171875 7.822265625))
24131218	POLYGON ((98.7890625 7.822265625, 98.7890625 7.91015625, 98.876953125 7.91015625, 98.876953125 7.822265625, 98.7890625 7.822265625))
24131219	POLYGON ((98.876953125 7.822265625, 98.876953125 7.91015625, 98.96484375 7.91015625, 98.96484375 7.822265625, 98.876953125 7.822265625))
24131222	POLYGON ((98.96484375 7.822265625, 98.96484375 7.91015625, 99.052734375 7.91015625, 99.052734375 7.822265625, 98.96484375 7.822265625))
24131522	POLYGON ((100.546875 7.822265625, 100.546875 7.91015625, 100.634765625 7.91015625, 100.634765625 7.822265625, 100.546875 7.822265625))
24130525	POLYGON ((98.349609375 7.91015625, 98.349609375 7.998046875, 98.4375 7.998046875, 98.4375 7.91015625, 98.349609375 7.91015625))
24131208	POLYGON ((98.4375 7.91015625, 98.4375 7.998046875, 98.525390625 7.998046875, 98.525390625 7.91015625, 98.4375 7.91015625))
24131209	POLYGON ((98.525390625 7.91015625, 98.525390625 7.998046875, 98.61328125 7.998046875, 98.61328125 7.91015625, 98.525390625 7.91015625))
24131212	POLYGON ((98.61328125 7.91015625, 98.61328125 7.998046875, 98.701171875 7.998046875, 98.701171875 7.91015625, 98.61328125 7.91015625))
24131213	POLYGON ((98.701171875 7.91015625, 98.701171875 7.998046875, 98.7890625 7.998046875, 98.7890625 7.91015625, 98.701171875 7.91015625))
24131224	POLYGON ((98.7890625 7.91015625, 98.7890625 7.998046875, 98.876953125 7.998046875, 98.876953125 7.91015625, 98.7890625 7.91015625))
24131225	POLYGON ((98.876953125 7.91015625, 98.876953125 7.998046875, 98.96484375 7.998046875, 98.96484375 7.91015625, 98.876953125 7.91015625))
24131228	POLYGON ((98.96484375 7.91015625, 98.96484375 7.998046875, 99.052734375 7.998046875, 99.052734375 7.91015625, 98.96484375 7.91015625))
24131528	POLYGON ((100.546875 7.91015625, 100.546875 7.998046875, 100.634765625 7.998046875, 100.634765625 7.91015625, 100.546875 7.91015625))
24130527	POLYGON ((98.349609375 7.998046875, 98.349609375 8.0859375, 98.4375 8.0859375, 98.4375 7.998046875, 98.349609375 7.998046875))
24131210	POLYGON ((98.4375 7.998046875, 98.4375 8.0859375, 98.525390625 8.0859375, 98.525390625 7.998046875, 98.4375 7.998046875))
24131211	POLYGON ((98.525390625 7.998046875, 98.525390625 8.0859375, 98.61328125 8.0859375, 98.61328125 7.998046875, 98.525390625 7.998046875))
24131214	POLYGON ((98.61328125 7.998046875, 98.61328125 8.0859375, 98.701171875 8.0859375, 98.701171875 7.998046875, 98.61328125 7.998046875))
24131215	POLYGON ((98.701171875 7.998046875, 98.701171875 8.0859375, 98.7890625 8.0859375, 98.7890625 7.998046875, 98.701171875 7.998046875))
24131226	POLYGON ((98.7890625 7.998046875, 98.7890625 8.0859375, 98.876953125 8.0859375, 98.876953125 7.998046875, 98.7890625 7.998046875))
24131227	POLYGON ((98.876953125 7.998046875, 98.876953125 8.0859375, 98.96484375 8.0859375, 98.96484375 7.998046875, 98.876953125 7.998046875))
24131530	POLYGON ((100.546875 7.998046875, 100.546875 8.0859375, 100.634765625 8.0859375, 100.634765625 7.998046875, 100.546875 7.998046875))
24131232	POLYGON ((98.4375 8.0859375, 98.4375 8.173828125, 98.525390625 8.173828125, 98.525390625 8.0859375, 98.4375 8.0859375))
24131233	POLYGON ((98.525390625 8.0859375, 98.525390625 8.173828125, 98.61328125 8.173828125, 98.61328125 8.0859375, 98.525390625 8.0859375))
24131236	POLYGON ((98.61328125 8.0859375, 98.61328125 8.173828125, 98.701171875 8.173828125, 98.701171875 8.0859375, 98.61328125 8.0859375))
24131237	POLYGON ((98.701171875 8.0859375, 98.701171875 8.173828125, 98.7890625 8.173828125, 98.7890625 8.0859375, 98.701171875 8.0859375))
24131552	POLYGON ((100.546875 8.0859375, 100.546875 8.173828125, 100.634765625 8.173828125, 100.634765625 8.0859375, 100.546875 8.0859375))
24131554	POLYGON ((100.546875 8.173828125, 100.546875 8.26171875, 100.634765625 8.26171875, 100.634765625 8.173828125, 100.546875 8.173828125))
24131560	POLYGON ((100.546875 8.26171875, 100.546875 8.349609375, 100.634765625 8.349609375, 100.634765625 8.26171875, 100.546875 8.26171875))
24131562	POLYGON ((100.546875 8.349609375, 100.546875 8.4375, 100.634765625 8.4375, 100.634765625 8.349609375, 100.546875 8.349609375))
24132928	POLYGON ((100.546875 8.4375, 100.546875 8.525390625, 100.634765625 8.525390625, 100.634765625 8.4375, 100.546875 8.4375))
24132930	POLYGON ((100.546875 8.525390625, 100.546875 8.61328125, 100.634765625 8.61328125, 100.634765625 8.525390625, 100.546875 8.525390625))
24132936	POLYGON ((100.546875 8.61328125, 100.546875 8.701171875, 100.634765625 8.701171875, 100.634765625 8.61328125, 100.546875 8.61328125))
24132938	POLYGON ((100.546875 8.701171875, 100.546875 8.7890625, 100.634765625 8.7890625, 100.634765625 8.701171875, 100.546875 8.701171875))
24131956	POLYGON ((98.26171875 8.7890625, 98.26171875 8.876953125, 98.349609375 8.876953125, 98.349609375 8.7890625, 98.26171875 8.7890625))
24132960	POLYGON ((100.546875 8.7890625, 100.546875 8.876953125, 100.634765625 8.876953125, 100.634765625 8.7890625, 100.546875 8.7890625))
24132962	POLYGON ((100.546875 8.876953125, 100.546875 8.96484375, 100.634765625 8.96484375, 100.634765625 8.876953125, 100.546875 8.876953125))
24131964	POLYGON ((98.26171875 8.96484375, 98.26171875 9.052734375, 98.349609375 9.052734375, 98.349609375 8.96484375, 98.26171875 8.96484375))
24132968	POLYGON ((100.546875 8.96484375, 100.546875 9.052734375, 100.634765625 9.052734375, 100.634765625 8.96484375, 100.546875 8.96484375))
24131966	POLYGON ((98.26171875 9.052734375, 98.26171875 9.140625, 98.349609375 9.140625, 98.349609375 9.052734375, 98.26171875 9.052734375))
24132970	POLYGON ((100.546875 9.052734375, 100.546875 9.140625, 100.634765625 9.140625, 100.634765625 9.052734375, 100.546875 9.052734375))
24132052	POLYGON ((98.26171875 9.140625, 98.26171875 9.228515625, 98.349609375 9.228515625, 98.349609375 9.140625, 98.26171875 9.140625))
24132804	POLYGON ((99.31640625 9.140625, 99.31640625 9.228515625, 99.404296875 9.228515625, 99.404296875 9.140625, 99.31640625 9.140625))
24132805	POLYGON ((99.404296875 9.140625, 99.404296875 9.228515625, 99.4921875 9.228515625, 99.4921875 9.140625, 99.404296875 9.140625))
24133056	POLYGON ((100.546875 9.140625, 100.546875 9.228515625, 100.634765625 9.228515625, 100.634765625 9.140625, 100.546875 9.140625))
24132806	POLYGON ((99.31640625 9.228515625, 99.31640625 9.31640625, 99.404296875 9.31640625, 99.404296875 9.228515625, 99.31640625 9.228515625))
24132807	POLYGON ((99.404296875 9.228515625, 99.404296875 9.31640625, 99.4921875 9.31640625, 99.4921875 9.228515625, 99.404296875 9.228515625))
24132818	POLYGON ((99.4921875 9.228515625, 99.4921875 9.31640625, 99.580078125 9.31640625, 99.580078125 9.228515625, 99.4921875 9.228515625))
24132819	POLYGON ((99.580078125 9.228515625, 99.580078125 9.31640625, 99.66796875 9.31640625, 99.66796875 9.228515625, 99.580078125 9.228515625))
24132822	POLYGON ((99.66796875 9.228515625, 99.66796875 9.31640625, 99.755859375 9.31640625, 99.755859375 9.228515625, 99.66796875 9.228515625))
24133058	POLYGON ((100.546875 9.228515625, 100.546875 9.31640625, 100.634765625 9.31640625, 100.634765625 9.228515625, 100.546875 9.228515625))
24132813	POLYGON ((99.404296875 9.31640625, 99.404296875 9.404296875, 99.4921875 9.404296875, 99.4921875 9.31640625, 99.404296875 9.31640625))
24132824	POLYGON ((99.4921875 9.31640625, 99.4921875 9.404296875, 99.580078125 9.404296875, 99.580078125 9.31640625, 99.4921875 9.31640625))
24132825	POLYGON ((99.580078125 9.31640625, 99.580078125 9.404296875, 99.66796875 9.404296875, 99.66796875 9.31640625, 99.580078125 9.31640625))
24132828	POLYGON ((99.66796875 9.31640625, 99.66796875 9.404296875, 99.755859375 9.404296875, 99.755859375 9.31640625, 99.66796875 9.31640625))
24132829	POLYGON ((99.755859375 9.31640625, 99.755859375 9.404296875, 99.84375 9.404296875, 99.84375 9.31640625, 99.755859375 9.31640625))
24133064	POLYGON ((100.546875 9.31640625, 100.546875 9.404296875, 100.634765625 9.404296875, 100.634765625 9.31640625, 100.546875 9.31640625))
24132815	POLYGON ((99.404296875 9.404296875, 99.404296875 9.4921875, 99.4921875 9.4921875, 99.4921875 9.404296875, 99.404296875 9.404296875))
24132826	POLYGON ((99.4921875 9.404296875, 99.4921875 9.4921875, 99.580078125 9.4921875, 99.580078125 9.404296875, 99.4921875 9.404296875))
24132827	POLYGON ((99.580078125 9.404296875, 99.580078125 9.4921875, 99.66796875 9.4921875, 99.66796875 9.404296875, 99.580078125 9.404296875))
24132830	POLYGON ((99.66796875 9.404296875, 99.66796875 9.4921875, 99.755859375 9.4921875, 99.755859375 9.404296875, 99.66796875 9.404296875))
24132831	POLYGON ((99.755859375 9.404296875, 99.755859375 9.4921875, 99.84375 9.4921875, 99.84375 9.404296875, 99.755859375 9.404296875))
24133002	POLYGON ((99.84375 9.404296875, 99.84375 9.4921875, 99.931640625 9.4921875, 99.931640625 9.404296875, 99.84375 9.404296875))
24133066	POLYGON ((100.546875 9.404296875, 100.546875 9.4921875, 100.634765625 9.4921875, 100.634765625 9.404296875, 100.546875 9.404296875))
24132837	POLYGON ((99.404296875 9.4921875, 99.404296875 9.580078125, 99.4921875 9.580078125, 99.4921875 9.4921875, 99.404296875 9.4921875))
24132848	POLYGON ((99.4921875 9.4921875, 99.4921875 9.580078125, 99.580078125 9.580078125, 99.580078125 9.4921875, 99.4921875 9.4921875))
24132849	POLYGON ((99.580078125 9.4921875, 99.580078125 9.580078125, 99.66796875 9.580078125, 99.66796875 9.4921875, 99.580078125 9.4921875))
24132852	POLYGON ((99.66796875 9.4921875, 99.66796875 9.580078125, 99.755859375 9.580078125, 99.755859375 9.4921875, 99.66796875 9.4921875))
24132853	POLYGON ((99.755859375 9.4921875, 99.755859375 9.580078125, 99.84375 9.580078125, 99.84375 9.4921875, 99.755859375 9.4921875))
24133024	POLYGON ((99.84375 9.4921875, 99.84375 9.580078125, 99.931640625 9.580078125, 99.931640625 9.4921875, 99.84375 9.4921875))
24133028	POLYGON ((100.01953125 9.4921875, 100.01953125 9.580078125, 100.107421875 9.580078125, 100.107421875 9.4921875, 100.01953125 9.4921875))
24133088	POLYGON ((100.546875 9.4921875, 100.546875 9.580078125, 100.634765625 9.580078125, 100.634765625 9.4921875, 100.546875 9.4921875))
24132850	POLYGON ((99.4921875 9.580078125, 99.4921875 9.66796875, 99.580078125 9.66796875, 99.580078125 9.580078125, 99.4921875 9.580078125))
24133026	POLYGON ((99.84375 9.580078125, 99.84375 9.66796875, 99.931640625 9.66796875, 99.931640625 9.580078125, 99.84375 9.580078125))
24133027	POLYGON ((99.931640625 9.580078125, 99.931640625 9.66796875, 100.01953125 9.66796875, 100.01953125 9.580078125, 99.931640625 9.580078125))
24133030	POLYGON ((100.01953125 9.580078125, 100.01953125 9.66796875, 100.107421875 9.66796875, 100.107421875 9.580078125, 100.01953125 9.580078125))
24133090	POLYGON ((100.546875 9.580078125, 100.546875 9.66796875, 100.634765625 9.66796875, 100.634765625 9.580078125, 100.546875 9.580078125))
24133091	POLYGON ((100.634765625 9.580078125, 100.634765625 9.66796875, 100.72265625 9.66796875, 100.72265625 9.580078125, 100.634765625 9.580078125))
24132093	POLYGON ((98.349609375 9.66796875, 98.349609375 9.755859375, 98.4375 9.755859375, 98.4375 9.66796875, 98.349609375 9.66796875))
24132856	POLYGON ((99.4921875 9.66796875, 99.4921875 9.755859375, 99.580078125 9.755859375, 99.580078125 9.66796875, 99.4921875 9.66796875))
24133032	POLYGON ((99.84375 9.66796875, 99.84375 9.755859375, 99.931640625 9.755859375, 99.931640625 9.66796875, 99.84375 9.66796875))
24133033	POLYGON ((99.931640625 9.66796875, 99.931640625 9.755859375, 100.01953125 9.755859375, 100.01953125 9.66796875, 99.931640625 9.66796875))
24133036	POLYGON ((100.01953125 9.66796875, 100.01953125 9.755859375, 100.107421875 9.755859375, 100.107421875 9.66796875, 100.01953125 9.66796875))
24133097	POLYGON ((100.634765625 9.66796875, 100.634765625 9.755859375, 100.72265625 9.755859375, 100.72265625 9.66796875, 100.634765625 9.66796875))
24132095	POLYGON ((98.349609375 9.755859375, 98.349609375 9.84375, 98.4375 9.84375, 98.4375 9.755859375, 98.349609375 9.755859375))
24132778	POLYGON ((98.4375 9.755859375, 98.4375 9.84375, 98.525390625 9.84375, 98.525390625 9.755859375, 98.4375 9.755859375))
24132858	POLYGON ((99.4921875 9.755859375, 99.4921875 9.84375, 99.580078125 9.84375, 99.580078125 9.755859375, 99.4921875 9.755859375))
24132859	POLYGON ((99.580078125 9.755859375, 99.580078125 9.84375, 99.66796875 9.84375, 99.66796875 9.755859375, 99.580078125 9.755859375))
24133034	POLYGON ((99.84375 9.755859375, 99.84375 9.84375, 99.931640625 9.84375, 99.931640625 9.755859375, 99.84375 9.755859375))
24133035	POLYGON ((99.931640625 9.755859375, 99.931640625 9.84375, 100.01953125 9.84375, 100.01953125 9.755859375, 99.931640625 9.755859375))
24133038	POLYGON ((100.01953125 9.755859375, 100.01953125 9.84375, 100.107421875 9.84375, 100.107421875 9.755859375, 100.01953125 9.755859375))
24133099	POLYGON ((100.634765625 9.755859375, 100.634765625 9.84375, 100.72265625 9.84375, 100.72265625 9.755859375, 100.634765625 9.755859375))
24133120	POLYGON ((98.4375 9.84375, 98.4375 9.931640625, 98.525390625 9.931640625, 98.525390625 9.84375, 98.4375 9.84375))
24133121	POLYGON ((98.525390625 9.84375, 98.525390625 9.931640625, 98.61328125 9.931640625, 98.61328125 9.84375, 98.525390625 9.84375))
24133201	POLYGON ((99.580078125 9.84375, 99.580078125 9.931640625, 99.66796875 9.931640625, 99.66796875 9.84375, 99.580078125 9.84375))
24133205	POLYGON ((99.755859375 9.84375, 99.755859375 9.931640625, 99.84375 9.931640625, 99.84375 9.84375, 99.755859375 9.84375))
24133376	POLYGON ((99.84375 9.84375, 99.84375 9.931640625, 99.931640625 9.931640625, 99.931640625 9.84375, 99.84375 9.84375))
24133441	POLYGON ((100.634765625 9.84375, 100.634765625 9.931640625, 100.72265625 9.931640625, 100.72265625 9.84375, 100.634765625 9.84375))
24133123	POLYGON ((98.525390625 9.931640625, 98.525390625 10.01953125, 98.61328125 10.01953125, 98.61328125 9.931640625, 98.525390625 9.931640625))
24133203	POLYGON ((99.580078125 9.931640625, 99.580078125 10.01953125, 99.66796875 10.01953125, 99.66796875 9.931640625, 99.580078125 9.931640625))
24133206	POLYGON ((99.66796875 9.931640625, 99.66796875 10.01953125, 99.755859375 10.01953125, 99.755859375 9.931640625, 99.66796875 9.931640625))
24133207	POLYGON ((99.755859375 9.931640625, 99.755859375 10.01953125, 99.84375 10.01953125, 99.84375 9.931640625, 99.755859375 9.931640625))
24133378	POLYGON ((99.84375 9.931640625, 99.84375 10.01953125, 99.931640625 10.01953125, 99.931640625 9.931640625, 99.84375 9.931640625))
24133443	POLYGON ((100.634765625 9.931640625, 100.634765625 10.01953125, 100.72265625 10.01953125, 100.72265625 9.931640625, 100.634765625 9.931640625))
24133192	POLYGON ((99.140625 10.01953125, 99.140625 10.107421875, 99.228515625 10.107421875, 99.228515625 10.01953125, 99.140625 10.01953125))
24133212	POLYGON ((99.66796875 10.01953125, 99.66796875 10.107421875, 99.755859375 10.107421875, 99.755859375 10.01953125, 99.66796875 10.01953125))
24133213	POLYGON ((99.755859375 10.01953125, 99.755859375 10.107421875, 99.84375 10.107421875, 99.84375 10.01953125, 99.755859375 10.01953125))
24133449	POLYGON ((100.634765625 10.01953125, 100.634765625 10.107421875, 100.72265625 10.107421875, 100.72265625 10.01953125, 100.634765625 10.01953125))
24133210	POLYGON ((99.4921875 10.107421875, 99.4921875 10.1953125, 99.580078125 10.1953125, 99.580078125 10.107421875, 99.4921875 10.107421875))
24133211	POLYGON ((99.580078125 10.107421875, 99.580078125 10.1953125, 99.66796875 10.1953125, 99.66796875 10.107421875, 99.580078125 10.107421875))
24133214	POLYGON ((99.66796875 10.107421875, 99.66796875 10.1953125, 99.755859375 10.1953125, 99.755859375 10.107421875, 99.66796875 10.107421875))
24133215	POLYGON ((99.755859375 10.107421875, 99.755859375 10.1953125, 99.84375 10.1953125, 99.84375 10.107421875, 99.755859375 10.107421875))
24133451	POLYGON ((100.634765625 10.107421875, 100.634765625 10.1953125, 100.72265625 10.1953125, 100.72265625 10.107421875, 100.634765625 10.107421875))
24133221	POLYGON ((99.404296875 10.1953125, 99.404296875 10.283203125, 99.4921875 10.283203125, 99.4921875 10.1953125, 99.404296875 10.1953125))
24133232	POLYGON ((99.4921875 10.1953125, 99.4921875 10.283203125, 99.580078125 10.283203125, 99.580078125 10.1953125, 99.4921875 10.1953125))
24133233	POLYGON ((99.580078125 10.1953125, 99.580078125 10.283203125, 99.66796875 10.283203125, 99.66796875 10.1953125, 99.580078125 10.1953125))
24133473	POLYGON ((100.634765625 10.1953125, 100.634765625 10.283203125, 100.72265625 10.283203125, 100.72265625 10.1953125, 100.634765625 10.1953125))
24133219	POLYGON ((99.228515625 10.283203125, 99.228515625 10.37109375, 99.31640625 10.37109375, 99.31640625 10.283203125, 99.228515625 10.283203125))
24133222	POLYGON ((99.31640625 10.283203125, 99.31640625 10.37109375, 99.404296875 10.37109375, 99.404296875 10.283203125, 99.31640625 10.283203125))
24133223	POLYGON ((99.404296875 10.283203125, 99.404296875 10.37109375, 99.4921875 10.37109375, 99.4921875 10.283203125, 99.404296875 10.283203125))
24133234	POLYGON ((99.4921875 10.283203125, 99.4921875 10.37109375, 99.580078125 10.37109375, 99.580078125 10.283203125, 99.4921875 10.283203125))
24133475	POLYGON ((100.634765625 10.283203125, 100.634765625 10.37109375, 100.72265625 10.37109375, 100.72265625 10.283203125, 100.634765625 10.283203125))
24133225	POLYGON ((99.228515625 10.37109375, 99.228515625 10.458984375, 99.31640625 10.458984375, 99.31640625 10.37109375, 99.228515625 10.37109375))
24133228	POLYGON ((99.31640625 10.37109375, 99.31640625 10.458984375, 99.404296875 10.458984375, 99.404296875 10.37109375, 99.31640625 10.37109375))
24133481	POLYGON ((100.634765625 10.37109375, 100.634765625 10.458984375, 100.72265625 10.458984375, 100.72265625 10.37109375, 100.634765625 10.37109375))
24133483	POLYGON ((100.634765625 10.458984375, 100.634765625 10.546875, 100.72265625 10.546875, 100.72265625 10.458984375, 100.634765625 10.458984375))
24133569	POLYGON ((100.634765625 10.546875, 100.634765625 10.634765625, 100.72265625 10.634765625, 100.72265625 10.546875, 100.634765625 10.546875))
24133571	POLYGON ((100.634765625 10.634765625, 100.634765625 10.72265625, 100.72265625 10.72265625, 100.72265625 10.634765625, 100.634765625 10.634765625))
24133577	POLYGON ((100.634765625 10.72265625, 100.634765625 10.810546875, 100.72265625 10.810546875, 100.72265625 10.72265625, 100.634765625 10.72265625))
24133579	POLYGON ((100.634765625 10.810546875, 100.634765625 10.8984375, 100.72265625 10.8984375, 100.72265625 10.810546875, 100.634765625 10.810546875))
24133601	POLYGON ((100.634765625 10.8984375, 100.634765625 10.986328125, 100.72265625 10.986328125, 100.72265625 10.8984375, 100.634765625 10.8984375))
24133603	POLYGON ((100.634765625 10.986328125, 100.634765625 11.07421875, 100.72265625 11.07421875, 100.72265625 10.986328125, 100.634765625 10.986328125))
24133609	POLYGON ((100.634765625 11.07421875, 100.634765625 11.162109375, 100.72265625 11.162109375, 100.72265625 11.07421875, 100.634765625 11.07421875))
24133611	POLYGON ((100.634765625 11.162109375, 100.634765625 11.25, 100.72265625 11.25, 100.72265625 11.162109375, 100.634765625 11.162109375))
24155457	POLYGON ((100.634765625 11.25, 100.634765625 11.337890625, 100.72265625 11.337890625, 100.72265625 11.25, 100.634765625 11.25))
24155459	POLYGON ((100.634765625 11.337890625, 100.634765625 11.42578125, 100.72265625 11.42578125, 100.72265625 11.337890625, 100.634765625 11.337890625))
24155465	POLYGON ((100.634765625 11.42578125, 100.634765625 11.513671875, 100.72265625 11.513671875, 100.72265625 11.42578125, 100.634765625 11.42578125))
24155467	POLYGON ((100.634765625 11.513671875, 100.634765625 11.6015625, 100.72265625 11.6015625, 100.72265625 11.513671875, 100.634765625 11.513671875))
24155489	POLYGON ((100.634765625 11.6015625, 100.634765625 11.689453125, 100.72265625 11.689453125, 100.72265625 11.6015625, 100.634765625 11.6015625))
24155492	POLYGON ((100.72265625 11.6015625, 100.72265625 11.689453125, 100.810546875 11.689453125, 100.810546875 11.6015625, 100.72265625 11.6015625))
24166516	POLYGON ((102.48046875 11.6015625, 102.48046875 11.689453125, 102.568359375 11.689453125, 102.568359375 11.6015625, 102.48046875 11.6015625))
24155494	POLYGON ((100.72265625 11.689453125, 100.72265625 11.77734375, 100.810546875 11.77734375, 100.810546875 11.689453125, 100.72265625 11.689453125))
24166518	POLYGON ((102.48046875 11.689453125, 102.48046875 11.77734375, 102.568359375 11.77734375, 102.568359375 11.689453125, 102.48046875 11.689453125))
24166519	POLYGON ((102.568359375 11.689453125, 102.568359375 11.77734375, 102.65625 11.77734375, 102.65625 11.689453125, 102.568359375 11.689453125))
24155500	POLYGON ((100.72265625 11.77734375, 100.72265625 11.865234375, 100.810546875 11.865234375, 100.810546875 11.77734375, 100.72265625 11.77734375))
24166524	POLYGON ((102.48046875 11.77734375, 102.48046875 11.865234375, 102.568359375 11.865234375, 102.568359375 11.77734375, 102.48046875 11.77734375))
24166525	POLYGON ((102.568359375 11.77734375, 102.568359375 11.865234375, 102.65625 11.865234375, 102.65625 11.77734375, 102.568359375 11.77734375))
24155502	POLYGON ((100.72265625 11.865234375, 100.72265625 11.953125, 100.810546875 11.953125, 100.810546875 11.865234375, 100.72265625 11.865234375))
24166522	POLYGON ((102.3046875 11.865234375, 102.3046875 11.953125, 102.392578125 11.953125, 102.392578125 11.865234375, 102.3046875 11.865234375))
24166523	POLYGON ((102.392578125 11.865234375, 102.392578125 11.953125, 102.48046875 11.953125, 102.48046875 11.865234375, 102.392578125 11.865234375))
24166526	POLYGON ((102.48046875 11.865234375, 102.48046875 11.953125, 102.568359375 11.953125, 102.568359375 11.865234375, 102.48046875 11.865234375))
24166527	POLYGON ((102.568359375 11.865234375, 102.568359375 11.953125, 102.65625 11.953125, 102.65625 11.865234375, 102.568359375 11.865234375))
24155588	POLYGON ((100.72265625 11.953125, 100.72265625 12.041015625, 100.810546875 12.041015625, 100.810546875 11.953125, 100.72265625 11.953125))
24166596	POLYGON ((102.12890625 11.953125, 102.12890625 12.041015625, 102.216796875 12.041015625, 102.216796875 11.953125, 102.12890625 11.953125))
24166597	POLYGON ((102.216796875 11.953125, 102.216796875 12.041015625, 102.3046875 12.041015625, 102.3046875 11.953125, 102.216796875 11.953125))
24166608	POLYGON ((102.3046875 11.953125, 102.3046875 12.041015625, 102.392578125 12.041015625, 102.392578125 11.953125, 102.3046875 11.953125))
24166609	POLYGON ((102.392578125 11.953125, 102.392578125 12.041015625, 102.48046875 12.041015625, 102.48046875 11.953125, 102.392578125 11.953125))
24166612	POLYGON ((102.48046875 11.953125, 102.48046875 12.041015625, 102.568359375 12.041015625, 102.568359375 11.953125, 102.48046875 11.953125))
24166613	POLYGON ((102.568359375 11.953125, 102.568359375 12.041015625, 102.65625 12.041015625, 102.65625 11.953125, 102.568359375 11.953125))
24155590	POLYGON ((100.72265625 12.041015625, 100.72265625 12.12890625, 100.810546875 12.12890625, 100.810546875 12.041015625, 100.72265625 12.041015625))
24166595	POLYGON ((102.041015625 12.041015625, 102.041015625 12.12890625, 102.12890625 12.12890625, 102.12890625 12.041015625, 102.041015625 12.041015625))
24166598	POLYGON ((102.12890625 12.041015625, 102.12890625 12.12890625, 102.216796875 12.12890625, 102.216796875 12.041015625, 102.12890625 12.041015625))
24166610	POLYGON ((102.3046875 12.041015625, 102.3046875 12.12890625, 102.392578125 12.12890625, 102.392578125 12.041015625, 102.3046875 12.041015625))
24166611	POLYGON ((102.392578125 12.041015625, 102.392578125 12.12890625, 102.48046875 12.12890625, 102.48046875 12.041015625, 102.392578125 12.041015625))
24166614	POLYGON ((102.48046875 12.041015625, 102.48046875 12.12890625, 102.568359375 12.12890625, 102.568359375 12.041015625, 102.48046875 12.041015625))
24155596	POLYGON ((100.72265625 12.12890625, 100.72265625 12.216796875, 100.810546875 12.216796875, 100.810546875 12.12890625, 100.72265625 12.12890625))
24155597	POLYGON ((100.810546875 12.12890625, 100.810546875 12.216796875, 100.8984375 12.216796875, 100.8984375 12.12890625, 100.810546875 12.12890625))
24166600	POLYGON ((101.953125 12.12890625, 101.953125 12.216796875, 102.041015625 12.216796875, 102.041015625 12.12890625, 101.953125 12.12890625))
24166601	POLYGON ((102.041015625 12.12890625, 102.041015625 12.216796875, 102.12890625 12.216796875, 102.12890625 12.12890625, 102.041015625 12.12890625))
24166604	POLYGON ((102.12890625 12.12890625, 102.12890625 12.216796875, 102.216796875 12.216796875, 102.216796875 12.12890625, 102.12890625 12.12890625))
24166605	POLYGON ((102.216796875 12.12890625, 102.216796875 12.216796875, 102.3046875 12.216796875, 102.3046875 12.12890625, 102.216796875 12.12890625))
24166616	POLYGON ((102.3046875 12.12890625, 102.3046875 12.216796875, 102.392578125 12.216796875, 102.392578125 12.12890625, 102.3046875 12.12890625))
24166617	POLYGON ((102.392578125 12.12890625, 102.392578125 12.216796875, 102.48046875 12.216796875, 102.48046875 12.12890625, 102.392578125 12.12890625))
24155599	POLYGON ((100.810546875 12.216796875, 100.810546875 12.3046875, 100.8984375 12.3046875, 100.8984375 12.216796875, 100.810546875 12.216796875))
24166558	POLYGON ((101.77734375 12.216796875, 101.77734375 12.3046875, 101.865234375 12.3046875, 101.865234375 12.216796875, 101.77734375 12.216796875))
24166559	POLYGON ((101.865234375 12.216796875, 101.865234375 12.3046875, 101.953125 12.3046875, 101.953125 12.216796875, 101.865234375 12.216796875))
24166602	POLYGON ((101.953125 12.216796875, 101.953125 12.3046875, 102.041015625 12.3046875, 102.041015625 12.216796875, 101.953125 12.216796875))
24166603	POLYGON ((102.041015625 12.216796875, 102.041015625 12.3046875, 102.12890625 12.3046875, 102.12890625 12.216796875, 102.041015625 12.216796875))
24166606	POLYGON ((102.12890625 12.216796875, 102.12890625 12.3046875, 102.216796875 12.3046875, 102.216796875 12.216796875, 102.12890625 12.216796875))
24155621	POLYGON ((100.810546875 12.3046875, 100.810546875 12.392578125, 100.8984375 12.392578125, 100.8984375 12.3046875, 100.810546875 12.3046875))
24166577	POLYGON ((101.689453125 12.3046875, 101.689453125 12.392578125, 101.77734375 12.392578125, 101.77734375 12.3046875, 101.689453125 12.3046875))
24166580	POLYGON ((101.77734375 12.3046875, 101.77734375 12.392578125, 101.865234375 12.392578125, 101.865234375 12.3046875, 101.77734375 12.3046875))
24166581	POLYGON ((101.865234375 12.3046875, 101.865234375 12.392578125, 101.953125 12.392578125, 101.953125 12.3046875, 101.865234375 12.3046875))
24166624	POLYGON ((101.953125 12.3046875, 101.953125 12.392578125, 102.041015625 12.392578125, 102.041015625 12.3046875, 101.953125 12.3046875))
24166629	POLYGON ((102.216796875 12.3046875, 102.216796875 12.392578125, 102.3046875 12.392578125, 102.3046875 12.3046875, 102.216796875 12.3046875))
24155623	POLYGON ((100.810546875 12.392578125, 100.810546875 12.48046875, 100.8984375 12.48046875, 100.8984375 12.392578125, 100.810546875 12.392578125))
24166567	POLYGON ((101.513671875 12.392578125, 101.513671875 12.48046875, 101.6015625 12.48046875, 101.6015625 12.392578125, 101.513671875 12.392578125))
24166578	POLYGON ((101.6015625 12.392578125, 101.6015625 12.48046875, 101.689453125 12.48046875, 101.689453125 12.392578125, 101.6015625 12.392578125))
24166579	POLYGON ((101.689453125 12.392578125, 101.689453125 12.48046875, 101.77734375 12.48046875, 101.77734375 12.392578125, 101.689453125 12.392578125))
24166582	POLYGON ((101.77734375 12.392578125, 101.77734375 12.48046875, 101.865234375 12.48046875, 101.865234375 12.392578125, 101.77734375 12.392578125))
24166630	POLYGON ((102.12890625 12.392578125, 102.12890625 12.48046875, 102.216796875 12.48046875, 102.216796875 12.392578125, 102.12890625 12.392578125))
24166631	POLYGON ((102.216796875 12.392578125, 102.216796875 12.48046875, 102.3046875 12.48046875, 102.3046875 12.392578125, 102.216796875 12.392578125))
24155561	POLYGON ((99.931640625 12.48046875, 99.931640625 12.568359375, 100.01953125 12.568359375, 100.01953125 12.48046875, 99.931640625 12.48046875))
24155564	POLYGON ((100.01953125 12.48046875, 100.01953125 12.568359375, 100.107421875 12.568359375, 100.107421875 12.48046875, 100.01953125 12.48046875))
24155629	POLYGON ((100.810546875 12.48046875, 100.810546875 12.568359375, 100.8984375 12.568359375, 100.8984375 12.48046875, 100.810546875 12.48046875))
24155640	POLYGON ((100.8984375 12.48046875, 100.8984375 12.568359375, 100.986328125 12.568359375, 100.986328125 12.48046875, 100.8984375 12.48046875))
24166572	POLYGON ((101.42578125 12.48046875, 101.42578125 12.568359375, 101.513671875 12.568359375, 101.513671875 12.48046875, 101.42578125 12.48046875))
24166573	POLYGON ((101.513671875 12.48046875, 101.513671875 12.568359375, 101.6015625 12.568359375, 101.6015625 12.48046875, 101.513671875 12.48046875))
24166584	POLYGON ((101.6015625 12.48046875, 101.6015625 12.568359375, 101.689453125 12.568359375, 101.689453125 12.48046875, 101.6015625 12.48046875))
24155566	POLYGON ((100.01953125 12.568359375, 100.01953125 12.65625, 100.107421875 12.65625, 100.107421875 12.568359375, 100.01953125 12.568359375))
24155567	POLYGON ((100.107421875 12.568359375, 100.107421875 12.65625, 100.1953125 12.65625, 100.1953125 12.568359375, 100.107421875 12.568359375))
24155578	POLYGON ((100.1953125 12.568359375, 100.1953125 12.65625, 100.283203125 12.65625, 100.283203125 12.568359375, 100.1953125 12.568359375))
24155642	POLYGON ((100.8984375 12.568359375, 100.8984375 12.65625, 100.986328125 12.65625, 100.986328125 12.568359375, 100.8984375 12.568359375))
24166574	POLYGON ((101.42578125 12.568359375, 101.42578125 12.65625, 101.513671875 12.65625, 101.513671875 12.568359375, 101.42578125 12.568359375))
24166586	POLYGON ((101.6015625 12.568359375, 101.6015625 12.65625, 101.689453125 12.65625, 101.689453125 12.568359375, 101.6015625 12.568359375))
24155920	POLYGON ((100.1953125 12.65625, 100.1953125 12.744140625, 100.283203125 12.744140625, 100.283203125 12.65625, 100.1953125 12.65625))
24155921	POLYGON ((100.283203125 12.65625, 100.283203125 12.744140625, 100.37109375 12.744140625, 100.37109375 12.65625, 100.283203125 12.65625))
24155924	POLYGON ((100.37109375 12.65625, 100.37109375 12.744140625, 100.458984375 12.744140625, 100.458984375 12.65625, 100.37109375 12.65625))
24155926	POLYGON ((100.37109375 12.744140625, 100.37109375 12.83203125, 100.458984375 12.83203125, 100.458984375 12.744140625, 100.37109375 12.744140625))
24155927	POLYGON ((100.458984375 12.744140625, 100.458984375 12.83203125, 100.546875 12.83203125, 100.546875 12.744140625, 100.458984375 12.744140625))
24155970	POLYGON ((100.546875 12.744140625, 100.546875 12.83203125, 100.634765625 12.83203125, 100.634765625 12.744140625, 100.546875 12.744140625))
24155976	POLYGON ((100.546875 12.83203125, 100.546875 12.919921875, 100.634765625 12.919921875, 100.634765625 12.83203125, 100.546875 12.83203125))
24155977	POLYGON ((100.634765625 12.83203125, 100.634765625 12.919921875, 100.72265625 12.919921875, 100.72265625 12.83203125, 100.634765625 12.83203125))
24155980	POLYGON ((100.72265625 12.83203125, 100.72265625 12.919921875, 100.810546875 12.919921875, 100.810546875 12.83203125, 100.72265625 12.83203125))
24155981	POLYGON ((100.810546875 12.83203125, 100.810546875 12.919921875, 100.8984375 12.919921875, 100.8984375 12.83203125, 100.810546875 12.83203125))
24155982	POLYGON ((100.72265625 12.919921875, 100.72265625 13.0078125, 100.810546875 13.0078125, 100.810546875 12.919921875, 100.72265625 12.919921875))
24155983	POLYGON ((100.810546875 12.919921875, 100.810546875 13.0078125, 100.8984375 13.0078125, 100.8984375 12.919921875, 100.810546875 12.919921875))
24156007	POLYGON ((100.810546875 13.095703125, 100.810546875 13.18359375, 100.8984375 13.18359375, 100.8984375 13.095703125, 100.810546875 13.095703125))
24156018	POLYGON ((100.8984375 13.095703125, 100.8984375 13.18359375, 100.986328125 13.18359375, 100.986328125 13.095703125, 100.8984375 13.095703125))
24156033	POLYGON ((99.931640625 13.359375, 99.931640625 13.447265625, 100.01953125 13.447265625, 100.01953125 13.359375, 99.931640625 13.359375))
24156050	POLYGON ((100.1953125 13.447265625, 100.1953125 13.53515625, 100.283203125 13.53515625, 100.283203125 13.447265625, 100.1953125 13.447265625))
24155869	POLYGON ((99.755859375 13.53515625, 99.755859375 13.623046875, 99.84375 13.623046875, 99.84375 13.53515625, 99.755859375 13.53515625))
24156056	POLYGON ((100.1953125 13.53515625, 100.1953125 13.623046875, 100.283203125 13.623046875, 100.283203125 13.53515625, 100.1953125 13.53515625))
24156062	POLYGON ((100.37109375 13.623046875, 100.37109375 13.7109375, 100.458984375 13.7109375, 100.458984375 13.623046875, 100.37109375 13.623046875))
24156063	POLYGON ((100.458984375 13.623046875, 100.458984375 13.7109375, 100.546875 13.7109375, 100.546875 13.623046875, 100.458984375 13.623046875))
24156106	POLYGON ((100.546875 13.623046875, 100.546875 13.7109375, 100.634765625 13.7109375, 100.634765625 13.623046875, 100.546875 13.623046875))
24156084	POLYGON ((100.37109375 13.7109375, 100.37109375 13.798828125, 100.458984375 13.798828125, 100.458984375 13.7109375, 100.37109375 13.7109375))
24156085	POLYGON ((100.458984375 13.7109375, 100.458984375 13.798828125, 100.546875 13.798828125, 100.546875 13.7109375, 100.458984375 13.7109375))
24156128	POLYGON ((100.546875 13.7109375, 100.546875 13.798828125, 100.634765625 13.798828125, 100.634765625 13.7109375, 100.546875 13.7109375))
24156129	POLYGON ((100.634765625 13.7109375, 100.634765625 13.798828125, 100.72265625 13.798828125, 100.72265625 13.7109375, 100.634765625 13.7109375))
24156087	POLYGON ((100.458984375 13.798828125, 100.458984375 13.88671875, 100.546875 13.88671875, 100.546875 13.798828125, 100.458984375 13.798828125))
24156131	POLYGON ((100.634765625 13.798828125, 100.634765625 13.88671875, 100.72265625 13.88671875, 100.72265625 13.798828125, 100.634765625 13.798828125))
24156134	POLYGON ((100.72265625 13.798828125, 100.72265625 13.88671875, 100.810546875 13.88671875, 100.810546875 13.798828125, 100.72265625 13.798828125))
24156093	POLYGON ((100.458984375 13.88671875, 100.458984375 13.974609375, 100.546875 13.974609375, 100.546875 13.88671875, 100.458984375 13.88671875))
24155898	POLYGON ((99.4921875 13.974609375, 99.4921875 14.0625, 99.580078125 14.0625, 99.580078125 13.974609375, 99.4921875 13.974609375))
24157506	POLYGON ((100.546875 14.150390625, 100.546875 14.23828125, 100.634765625 14.23828125, 100.634765625 14.150390625, 100.546875 14.150390625))
24157514	POLYGON ((100.546875 14.326171875, 100.546875 14.4140625, 100.634765625 14.4140625, 100.634765625 14.326171875, 100.546875 14.326171875))
24157282	POLYGON ((99.140625 14.501953125, 99.140625 14.58984375, 99.228515625 14.58984375, 99.228515625 14.501953125, 99.140625 14.501953125))
24157244	POLYGON ((98.96484375 14.58984375, 98.96484375 14.677734375, 99.052734375 14.677734375, 99.052734375 14.58984375, 98.96484375 14.58984375))
24157245	POLYGON ((99.052734375 14.58984375, 99.052734375 14.677734375, 99.140625 14.677734375, 99.140625 14.58984375, 99.052734375 14.58984375))
24170165	POLYGON ((104.677734375 16.5234375, 104.677734375 16.611328125, 104.765625 16.611328125, 104.765625 16.5234375, 104.677734375 16.5234375))
24175714	POLYGON ((104.765625 17.314453125, 104.765625 17.40234375, 104.853515625 17.40234375, 104.853515625 17.314453125, 104.765625 17.314453125))
24175720	POLYGON ((104.765625 17.40234375, 104.765625 17.490234375, 104.853515625 17.490234375, 104.853515625 17.40234375, 104.765625 17.40234375))
24163811	POLYGON ((100.634765625 18.017578125, 100.634765625 18.10546875, 100.72265625 18.10546875, 100.72265625 18.017578125, 100.634765625 18.017578125))
24165692	POLYGON ((100.37109375 20.21484375, 100.37109375 20.302734375, 100.458984375 20.302734375, 100.458984375 20.21484375, 100.37109375 20.21484375))
